Webots Project File version R2021b
perspectives: 000000ff00000000fd0000000200000001000003120000033bfc0200000001fb0000001400540065007800740045006400690074006f0072010000001a0000033b000000a900ffffff00000003000007800000006bfc0100000001fb0000001a0043006f006e0073006f006c00650041006c006c0041006c006c0100000000000007800000005400ffffff000004680000033b00000001000000020000000100000008fc00000000
simulationViewPerspectives: 000000ff000000010000000200000187000002e30100000006010000000100
sceneTreePerspectives: 000000ff0000000100000002000000c0000000fc0100000006010000000200
maximizedDockId: -1
centralWidgetVisible: 1
orthographicViewHeight: 1
textFiles: 0 "controllers/grocery/grocery.py"
consoles: Console:All:All
renderingDevicePerspectives: TIAGo Steel:camera;1;0.379167;0;0
renderingDevicePerspectives: TIAGo Steel:display;1;0.947222;0;0
